2.5 4.642597234621306
1.25 23.17342756997957
0.625 16.226575239732167
0.3125 17.606801251577146
0.15625 18.784597611005875
0.078125 19.47690854668273
0.0390625 19.84792474081897
0.01953125 20.039588190971795
0.009765625 20.136955048204005
0.0048828125 20.186022028740457
0.00244140625 20.210651392551878
0.001220703125 20.222990041941202
6.103515625E-4 20.229165358450402
3.0517578125E-4 20.232254514655065
1.52587890625E-4 20.2337994672447
7.62939453125E-5 20.23457203716137
3.814697265625E-5 20.23495834552496
1.9073486328125E-5 20.23515150555849
9.5367431640625E-6 20.235248087037814
4.76837158203125E-6 20.23529637814303
2.384185791015625E-6 20.235320523787276
1.1920928955078125E-6 20.235332596632816
5.960464477539062E-7 20.235338633062717
2.980232238769531E-7 20.235341651274464
1.4901161193847656E-7 20.235343160382836
7.450580596923828E-8 20.235343914939598
