2.5 41.70425790533781
1.25 9.27972290948477
0.625 18.987027263422124
0.3125 19.962393970434604
0.15625 20.169219482359583
0.078125 20.218940934955217
0.0390625 20.23125164112461
0.01953125 20.2343219054362
0.009765625 20.23508900927693
0.0048828125 20.235280756363306
0.00244140625 20.23532869133054
0.001220703125 20.235340674959584
6.103515625E-4 20.235343670859837
3.0517578125E-4 20.235344419834416
1.52587890625E-4 20.23534460707812
7.62939453125E-5 20.2353446538889
3.814697265625E-5 20.235344665591843
1.9073486328125E-5 20.23534466851698
9.5367431640625E-6 20.235344669248743
4.76837158203125E-6 20.235344669431452
2.384185791015625E-6 20.235344669477552
1.1920928955078125E-6 20.235344669488416
5.960464477539062E-7 20.23534466949284
2.980232238769531E-7 20.235344669492243
1.4901161193847656E-7 20.23534466949642
7.450580596923828E-8 20.235344669491425
