2.5 37.789917291065876
1.25 18.130730934299816
0.625 20.176763157850527
0.3125 20.232139681977984
0.15625 20.235150500822947
0.078125 20.235332626655016
0.0390625 20.235343918251385
0.01953125 20.23534462256239
0.009765625 20.235344666559797
0.0048828125 20.23534466930931
0.00244140625 20.235344669481147
0.001220703125 20.23534466949183
6.103515625E-4 20.235344669492555
3.0517578125E-4 20.235344669492623
1.52587890625E-4 20.235344669492594
7.62939453125E-5 20.23534466949262
3.814697265625E-5 20.23534466949233
1.9073486328125E-5 20.23534466949272
9.5367431640625E-6 20.235344669492537
4.76837158203125E-6 20.23534466949224
2.384185791015625E-6 20.235344669492793
1.1920928955078125E-6 20.235344669492413
5.960464477539062E-7 20.235344669493756
2.980232238769531E-7 20.235344669492477
1.4901161193847656E-7 20.235344669496484
7.450580596923828E-8 20.235344669491454
