2.5 29.96123606252198
1.25 35.83274698392991
0.625 22.556234946707335
0.3125 20.771631105064728
0.15625 20.36701253774967
0.078125 20.268116010054626
0.0390625 20.243528472504924
0.01953125 20.237390056814768
0.009765625 20.235855981125486
0.0048828125 20.235472495201222
0.00244140625 20.235376625782262
0.001220703125 20.23535265855633
6.103515625E-4 20.235346666758076
3.0517578125E-4 20.23534516880892
1.52587890625E-4 20.235344794321627
7.62939453125E-5 20.235344700699837
3.814697265625E-5 20.235344677294425
1.9073486328125E-5 20.235344671443105
9.5367431640625E-6 20.23534466997993
4.76837158203125E-6 20.235344669614108
2.384185791015625E-6 20.235344669522473
1.1920928955078125E-6 20.235344669500186
5.960464477539062E-7 20.23534466949564
2.980232238769531E-7 20.23534466949296
1.4901161193847656E-7 20.235344669496623
7.450580596923828E-8 20.235344669491482
